-7.089210000000000520e-04
1.341170000000000036e-03
-1.481139999999999931e-03
1.815849999999999929e-03
-1.999819999999999810e-03
2.124730000000000021e-03
-2.326570000000000027e-03
2.336889999999999887e-03
-2.371339999999999993e-03
2.335770000000000034e-03
-2.050249999999999989e-03
1.689090000000000079e-03
-9.480310000000000039e-04
2.366409999999999998e-04
-5.794539999999999934e-03
-5.197310000000000541e-01
-2.375390000000000140e-02
-1.927089999999999914e-01
2.770369999999999777e-01
2.550990000000000202e-01
2.699529999999999985e-01
1.923499999999999932e-01
6.873579999999999968e-02
1.188079999999999969e-01
1.181999999999999995e-01
2.959049999999999875e-02
-7.814500000000000612e-02
-2.503910000000000163e-02
-5.934360000000000329e-02
-5.580659999999999787e-02
-3.563990000000000213e-02
-2.547989999999999977e-02
-5.100840000000000235e-02
-8.269490000000000174e-02
-1.221389999999999976e-01
-4.544839999999999991e-02
-5.620229999999999670e-02
1.243460000000000051e-02
-2.146630000000000066e-02
-4.595869999999999816e-02
-7.036489999999999412e-02
-2.273460000000000064e-02
-8.898470000000000338e-03
-3.463600000000000012e-02
-4.026829999999999993e-02
1.639660000000000076e-02
3.497230000000000043e-03
9.335559999999999692e-03
-1.489829999999999974e-02
-1.272799999999999973e-02
5.784189999999999818e-03
3.851140000000000119e-02
3.162330000000000002e-02
2.574569999999999984e-02
3.422000000000000128e-03
-4.274980000000000273e-03
1.602740000000000067e-02
4.381909999999999972e-02
3.046960000000000033e-03
3.038099999999999828e-02
-8.237720000000000459e-03
5.855350000000000138e-02
2.060179999999999997e-02
2.387260000000000076e-02
4.894670000000000271e-02
6.286260000000000459e-02
6.808970000000000300e-02
1.903380000000000002e-02
1.315520000000000057e-02
-4.405069999999999819e-02
-4.486400000000000110e-02
-3.453769999999999757e-02
-1.638840000000000088e-02
-2.241829999999999865e-02
7.183799999999999734e-03
5.776220000000000313e-03
1.536030000000000078e-03
-1.596809999999999896e-02
1.602200000000000022e-03
-1.237130000000000001e-02
-8.824570000000000330e-03
-1.419329999999999897e-03
-7.043259999999999972e-03
-1.356830000000000015e-02
-5.617549999999999800e-03
1.010460000000000004e-02
1.377910000000000072e-02
5.678879999999999866e-03
2.339870000000000144e-02
-3.678839999999999888e-02
-4.459579999999999794e-02
8.462530000000000443e-04
3.077200000000000074e-02
2.981129999999999891e-02
2.581220000000000042e-02
1.284640000000000087e-03
-5.252840000000000287e-02
-6.414870000000000294e-02
-3.958760000000000057e-02
-2.535209999999999894e-02
4.463029999999999775e-02
7.489729999999999999e-02
4.785749999999999726e-02
1.487600000000000033e-02
2.612880000000000064e-02
-1.275110000000000089e-03
-1.114230000000000081e-02
-1.594519999999999965e-02
-2.534020000000000022e-02
-7.577790000000000047e-03
8.587459999999999668e-04
-7.687239999999999698e-03
-7.825989999999999683e-03
-9.067769999999999303e-03
-1.561459999999999931e-02
-1.433770000000000010e-02
-4.378689999999999666e-02
-2.174890000000000156e-02
-2.559289999999999829e-02
-1.303750000000000048e-02
-7.949289999999999481e-03
1.787860000000000144e-02
4.394280000000000408e-03
6.095180000000000389e-03
9.746370000000000727e-03
1.662630000000000011e-02
-1.258639999999999932e-02
-2.347279999999999853e-02
-2.931749999999999981e-02
4.416429999999999662e-02
5.993790000000000229e-02
4.663400000000000184e-02
7.983729999999999646e-03
-1.772560000000000108e-02
-8.333820000000000247e-04
1.074899999999999944e-03
2.323510000000000159e-02
1.860370000000000079e-02
2.407410000000000105e-02
-8.355559999999999723e-03
-8.033830000000000485e-03
2.736310000000000044e-03
-7.458140000000000255e-03
1.321839999999999994e-02
2.374070000000000000e-02
2.600360000000000171e-02
2.372079999999999935e-03
-7.348649999999999974e-03
-3.490029999999999868e-03
1.168109999999999982e-03
1.704019999999999840e-02
-1.737839999999999871e-02
-3.581360000000000099e-02
-3.313839999999999841e-02
-1.471079999999999957e-02
-7.303760000000000287e-03
-3.396489999999999926e-02
-3.378069999999999684e-02
-2.620449999999999863e-02
-6.512079999999999952e-03
1.466169999999999973e-02
3.532690000000000222e-04
-1.648519999999999847e-02
-9.314899999999999222e-03
-1.422980000000000078e-02
3.561430000000000151e-02
3.182730000000000281e-02
-9.354370000000000089e-04
-7.094559999999999755e-03
9.945709999999999967e-03
9.691730000000000830e-03
1.727750000000000119e-02
1.859469999999999873e-02
-4.125600000000000100e-03
-1.103729999999999989e-02
1.232950000000000018e-02
3.764639999999999653e-02
1.093900000000000081e-02
-1.682670000000000042e-03
9.969890000000000349e-03
-6.594029999999999857e-03
-1.735120000000000065e-02
-1.300579999999999965e-02
-1.751350000000000129e-02
-2.283179999999999932e-02
-1.762640000000000040e-02
1.026059999999999993e-02
1.265460000000000022e-02
-1.200209999999999992e-02
-9.112639999999999543e-04
2.469609999999999861e-02
2.556239999999999901e-02
-8.098809999999999690e-03
-1.389939999999999926e-02
1.081460000000000017e-03
2.196280000000000107e-02
1.284549999999999928e-02
1.991729999999999889e-02
1.346140000000000010e-02
1.563679999999999931e-02
-1.197920000000000105e-03
-1.595819999999999877e-02
-4.842319999999999784e-03
2.247069999999999883e-03
3.526210000000000108e-03
-2.535060000000000091e-02
-2.728329999999999991e-02
-1.214619999999999936e-02
4.329119999999999670e-03
3.657989999999999853e-03
-9.600259999999999350e-03
-1.801269999999999954e-02
-1.885919999999999958e-02
-9.446720000000000464e-03
-1.035610000000000003e-02
-1.411740000000000043e-02
-1.791600000000000137e-02
-1.423489999999999998e-02
-2.674019999999999869e-02
-1.807660000000000169e-02
-1.359640000000000067e-03
2.503060000000000007e-02
4.508739999999999970e-02
3.087540000000000076e-02
4.578229999999999973e-03
-2.048180000000000139e-03
2.120930000000000037e-02
1.159349999999999964e-02
9.910129999999999634e-03
9.210160000000000222e-03
3.252720000000000177e-03
1.445730000000000105e-03
4.777980000000000248e-03
1.987629999999999952e-02
-3.906599999999999656e-03
-5.163479999999999806e-03
7.127210000000000142e-03
1.703479999999999925e-02
-1.142420000000000067e-02
-1.729620000000000116e-02
-4.191639999999999949e-03
1.168970000000000078e-02
2.136959999999999901e-02
7.952519999999999381e-03
7.457300000000000040e-03
-8.422529999999999253e-03
-7.671620000000000522e-04
2.004470000000000004e-04
1.573830000000000021e-03
-3.762699999999999899e-03
5.923109999999999660e-03
-8.673399999999999513e-03
-2.228859999999999869e-02
-2.655319999999999903e-02
2.719880000000000041e-03
-5.073689999999999624e-03
-3.623649999999999961e-03
-3.923679999999999703e-03
4.961149999999999892e-04
3.906170000000000041e-03
-6.885770000000000259e-03
9.545490000000000225e-03
-4.123669999999999772e-05
-1.644599999999999881e-02
-2.670010000000000092e-02
